function Y = qiujie_shijie(x,a,e)
%UNTITLED2 Summary of this function goes here
%   Detailed explanation goes here
b=x(1);
c=x(2);
d=x(3);
f=x(4);
g=x(5);
h=x(6);

l=x(7);
m=x(8);
n=x(9);

p=x(10);
q=x(11); 
r=x(12);

Y=[d+0.5;
 h;
 0.003375*a+0.0225*b+0.15*c+d;
 0.003375*e+0.0225*f+0.15*g+h;
 0.003375*a+0.0225*l+0.15*m+n;
 0.003375*e+0.0225*p+0.15*q+r;
 0.0675*a+0.3*l+q-(0.0675*a+0.3*f+g);
 
 0.0675*a+0.3*b+c-(0.0675*e+0.3*b+c);
 
 0.125*a+0.25*l+0.5*m+n-0.5;
 0.125*e+0.25*p+0.5*q+r;
 -1.735425844*a-2.313901125*l-2.313901125*m+.8084317372*e+1.077908983*p+1.077908983*q-c;
 -.1856940086*a-.2475920115*l-.2475920115*m-1.260986241*e-1.681314988*p-1.681314988*q-g;
 ];
 
 
 
end


